#FIG 3.2  Produced by xfig version 3.2.5c
Landscape
Center
Metric
A4      
100.00
Single
-2
1200 2
1 3 0 1 0 7 50 -1 -1 0.000 1 0.0000 6300 2025 242 242 6300 2025 6390 2250
1 3 0 1 0 7 50 -1 -1 0.000 1 0.0000 7695 2025 242 242 7695 2025 7785 2250
1 3 0 1 0 7 50 -1 -1 0.000 1 0.0000 9035 2011 242 242 9035 2011 9125 2236
1 3 0 1 0 7 50 -1 -1 0.000 1 0.0000 6300 4050 242 242 6300 4050 6390 4275
1 3 0 1 0 7 50 -1 -1 0.000 1 0.0000 7695 4050 242 242 7695 4050 7785 4275
1 3 0 1 0 7 50 -1 -1 0.000 1 0.0000 9090 4050 242 242 9090 4050 9180 4275
